idx for best run: 6
params for best run: [0.15524708363075318, 10, 'largest', 6.30807605338633]


res_gp.x_iters:
[0.012075575657139456, 4, 'largest', 2.223220584591155]
[0.4067654441500818, 7, 'mean', 4.075389141980461]
[0.0821261333010755, 7, 'median', 1.8804598050687429]
[0.22470858263179908, 2, 'median', 3.608961260840276]
[0.27322891330811694, 3, 'mean', 5.837866403350478]
[0.48415105873034275, 2, 'largest', 1.3250719418358126]
[0.15524708363075318, 10, 'largest', 6.30807605338633]
[0.15358403787026845, 3, 'mean', 1.2327073048306092]
[0.4528199487055301, 8, 'largest', 1.4514819622820947]
[0.02740442312920545, 9, 'largest', 6.57196983794889]
[0.5, 10, 'largest', 10.0]
[0.49046541582430714, 10, 'median', 0.5246986542204181]
[0.03832644269695808, 10, 'mean', 9.813984302500755]
[0.49131809288175965, 10, 'mean', 0.17438149672590011]
[0.0052792558759750495, 10, 'median', 9.969544323799717]
[0.5, 10, 'largest', 10.0]
[0.015670876360752043, 10, 'largest', 0.4448156028516739]
[0.4938864157706591, 10, 'median', 9.45952800212826]
[0.03662623283732267, 10, 'mean', 0.3839957938234052]
[0.008589993953585817, 10, 'median', 0.10079003729715375]
[0.44896563786871635, 10, 'mean', 9.915957537913261]
[0.5, 10, 'largest', 0.1]
[0.001, 10, 'largest', 10.0]
[0.47071420837709343, 10, 'median', 0.10222946229977888]
[0.5, 10, 'largest', 10.0]
[0.5, 10, 'largest', 0.1]
[0.018483910044525008, 10, 'mean', 9.626822147254742]
[0.03374432386053282, 10, 'mean', 0.24357404324290255]
[0.49748181998478036, 10, 'median', 9.460024664464214]
[0.001, 10, 'largest', 10.0]


res_gp.func_vals:
0.9285714285714286
0.9285714285714286
0.9285714285714286
0.9285714285714286
0.9285714285714286
0.9285714285714286
0.9206349206349207
0.9285714285714286
0.9206349206349207
0.9206349206349207
0.9206349206349207
0.9206349206349207
0.9206349206349207
0.9206349206349207
0.9206349206349207
0.9206349206349207
0.9206349206349207
0.9206349206349207
0.9206349206349207
0.9206349206349207
0.9206349206349207
0.9206349206349207
0.9206349206349207
0.9206349206349207
0.9206349206349207
0.9206349206349207
0.9206349206349207
0.9206349206349207
0.9206349206349207
0.9206349206349207
