idx for best run: 0
params for best run: [0.4674586589493322, 10, 'largest', 3.4323167793497684]


res_gp.x_iters:
[0.4674586589493322, 10, 'largest', 3.4323167793497684]
[0.1750931883509761, 3, 'median', 4.90392758598279]
[0.10120746989500058, 10, 'median', 2.738549404977711]
[0.3948748027714833, 4, 'median', 2.7451541788704503]
[0.3736762464834026, 3, 'median', 8.521645371291132]
[0.49434668848774954, 7, 'mean', 8.515987668952645]
[0.48934345036227905, 3, 'median', 0.9537484843114804]
[0.21780606963643595, 4, 'median', 5.621244252384732]
[0.36291243130758283, 9, 'mean', 1.5996284445150586]
[0.19518696971900004, 5, 'median', 5.739356786422267]
[0.012309275638961937, 10, 'largest', 9.840464246455992]
[0.001, 10, 'median', 0.1]
[0.4938512291672046, 10, 'median', 9.545968754990845]
[0.001, 10, 'largest', 0.1]
[0.0010938400710032126, 10, 'mean', 8.85545785424948]
[0.001, 10, 'median', 0.1]
[0.001, 10, 'largest', 0.1]
[0.4979602834671456, 10, 'median', 9.658882904039364]
[0.4717732702989444, 10, 'mean', 0.7053673807989066]
[0.001, 10, 'median', 10.0]
[0.001, 10, 'largest', 10.0]
[0.001, 10, 'median', 0.1]
[0.49159271294533213, 10, 'largest', 0.48559241653641616]
[0.022896226301914274, 10, 'mean', 9.842255747719461]
[0.4867118124017891, 10, 'mean', 0.18136936053254554]
[0.4938143373118295, 10, 'largest', 9.258151873810187]
[0.48365693825679296, 10, 'median', 9.692511880696603]
[0.014746903926473744, 10, 'mean', 9.851405047247983]
[0.001, 10, 'median', 0.1]
[0.026508065979103657, 2, 'largest', 9.859737658074632]


res_gp.func_vals:
-0.07936507936507936
-0.07142857142857142
-0.07936507936507936
-0.07142857142857142
-0.07142857142857142
-0.07142857142857142
-0.07142857142857142
-0.07142857142857142
-0.07936507936507936
-0.07936507936507936
-0.07936507936507936
-0.07936507936507936
-0.07936507936507936
-0.07936507936507936
-0.07936507936507936
-0.07936507936507936
-0.07936507936507936
-0.07936507936507936
-0.07936507936507936
-0.07936507936507936
-0.07936507936507936
-0.07936507936507936
-0.07936507936507936
-0.07936507936507936
-0.07936507936507936
-0.07936507936507936
-0.07936507936507936
-0.07936507936507936
-0.07936507936507936
-0.07142857142857142
