idx for best run: 5
params for best run: [0.0969897114609236, 2, 'auto', 36]


res_gp.x_iters:
[0.32225035612347563, 7, 'ball_tree', 28]
[0.3504301761746923, 4, 'ball_tree', 24]
[0.19255460577984743, 6, 'auto', 10]
[0.34217420466995374, 6, 'ball_tree', 10]
[0.288948422883709, 8, 'ball_tree', 36]
[0.0969897114609236, 2, 'auto', 36]
[0.29331038445741553, 4, 'brute', 20]
[0.49085411922904065, 5, 'auto', 33]
[0.07939554616650973, 2, 'auto', 20]
[0.00209712880591058, 5, 'ball_tree', 38]
[0.02488795815432518, 2, 'kd_tree', 39]
[0.5, 2, 'ball_tree', 10]
[0.4666635355292866, 10, 'kd_tree', 40]
[0.09584002767475686, 3, 'auto', 20]
[0.4857618940246944, 2, 'brute', 36]
[0.4693064229189868, 2, 'kd_tree', 11]
[0.05004623925407157, 2, 'brute', 10]
[0.017908560391839048, 9, 'auto', 10]
[0.0017603238798704725, 2, 'ball_tree', 40]
[0.5, 2, 'brute', 40]
[0.007565810882938243, 2, 'kd_tree', 10]
[0.5, 2, 'ball_tree', 40]
[0.494743254087005, 2, 'auto', 13]
[0.5, 2, 'kd_tree', 40]
[0.0016575418277447428, 2, 'ball_tree', 12]
[0.04142115530720468, 10, 'brute', 38]
[0.004412921372935118, 2, 'brute', 10]
[0.4879562683754593, 2, 'auto', 40]
[0.4990732059340997, 2, 'kd_tree', 10]
[0.007985452260784462, 2, 'brute', 39]


res_gp.func_vals:
0.9285714285714286
0.9285714285714286
0.9365079365079365
0.9365079365079365
0.9285714285714286
0.8412698412698413
0.9285714285714286
0.9365079365079365
0.8412698412698413
0.9365079365079365
0.8412698412698413
0.8412698412698413
0.9285714285714286
0.9126984126984127
0.8412698412698413
0.8412698412698413
0.8412698412698413
0.9285714285714286
0.8412698412698413
0.8412698412698413
0.8412698412698413
0.8412698412698413
0.8412698412698413
0.8412698412698413
0.8412698412698413
0.9285714285714286
0.8412698412698413
0.8412698412698413
0.8412698412698413
0.8412698412698413
